-37.010609942926486 43.25582982203149
-36.525949075597495 -29.68552996020812
36.85739444621976 1.9193282774286118
41.21228366839712 -47.92449675700151
10.582721464323477 14.619060672430379
-33.206979144265034 -2.949608359433988
4.17973815160456 30.066737681632887
-43.14567573831475 7.88486980798173
21.800618145747947 -24.00407743292263
-30.24162543128511 -4.389933068368215
21.626310561811337 42.69121583812648
-33.1087939233518 -9.277334320475262
19.26018024813895 -9.25706692570644
-40.64435555640411 2.564665114323603
-25.186745961666436 -27.097587318609417
-23.13404203272699 -31.655675517142246
10.722773904580777 -3.081345786074799
2.4500530751893947 -10.211435941386213
-9.887052760554013 36.837953107425605
-34.60974723975062 37.526824556117575
17.338707698144134 44.187246647193206
21.786937829406057 40.89277021188616
-4.9881413059083215 -32.60666448468257
-30.75390724336615 20.499402041842842
46.74848661044943 -27.706895589935566
-47.35279869676595 18.79888388565311
27.048676575576692 34.369391334435804
29.84201691501235 -15.879915609854535
-29.515495872539855 -21.13189462224763
-10.04285755159016 15.129726918767844
-39.43721620066586 -21.336710922964198
23.782530711300254 -18.048778047937663
-31.498651096036113 -31.3371854659784
4.017331187502194 -8.184824700024961
-29.226073898540626 -45.90214290598483
43.85778707083976 10.395534841844558
-28.230961058754765 -24.390645785620368
15.429163763585905 -2.288475433956137
-44.163218503444625 -35.197105355414415
-40.34448031784766 -6.943087951237182
-24.88073647637258 -7.81101549580886
-23.006875208445287 -44.9752497641672
-4.646630873639992 20.382345393409338
45.09006713847883 40.64755346158272
-35.90731617610196 -10.625514535340763
-37.69154744984582 9.555326726576375
-2.3896953495676883 39.77552683488082
-41.28634777753051 -6.8332531530751055
-41.904486874690996 -3.5323589532464155
-3.437134353689018 -7.033862519714887
-30.71529719338907 30.240871745546187
-14.871090811199004 -28.10227215518035
-23.905897719479473 -45.052988543975935
9.23672271932854 34.7546489238305
-48.63566623396757 -18.20497245010483
41.78147219068181 36.95849990298558
-26.99879811960163 -12.268206815556205
0.9877359460856852 -11.796498784016997
-2.139794773916904 38.84115573711209
8.400645125983807 49.95858058118519
15.295659689294112 -15.77350840244064
43.45254015673456 31.354937298947917
24.461097171926028 0.7012809219344405
45.33152595447031 43.33325625060759
23.71438897231377 -45.446139030846325
-9.496855082717182 1.9134255236694102
-23.653316911007384 18.279173247854573
26.806788262097953 -19.24075366515712
-36.69380603496967 -18.135557562991067
-10.514597137090995 2.97031915767748
-25.056581275490586 -40.428368936920904
17.205799691158546 7.265211539699891
-6.017409984168609 26.15739430583639
-4.6902532520663485 38.516904567906536
38.559926222966084 11.524212014523904
15.587162725485399 -23.60776297162942
-4.788949190904589 -4.808960289907418
32.99559575014898 -25.725997773392894
26.397371550521726 33.67788629831824
-11.479278079711506 -3.784910235980462
-39.78021005650585 46.03588337648816
-11.642073274470235 5.74264266598955
-20.08312164217716 16.249437321401302
-41.27475781731778 -4.264841466267114
20.0514582799957 21.768543365652505
21.696969004598316 42.2841590823258
-46.762794845547205 40.584365085291935
-18.961444169804963 -38.815607111482876
49.06290599408834 17.953248174738718
36.013312281271354 -42.44466830594581
22.118551677895965 10.412798274831026
16.19148262089128 -18.221638513054483
-41.68457503867681 -3.759779426163931
-35.67155342603988 38.71383553788512
34.05764451938046 -47.74767293059219
-42.42946941274419 -47.71489874651612
3.0868733700617383 -34.888800542845786
24.655395689265987 -21.48506316203648
-22.210597108079345 -36.78595184243591
24.766748655244285 -41.542372722675495
