122.48475291705358 -285.47048826860976
471.0759522294977 -280.96026420457247
116.11600170843565 339.3924781695006
337.6775248157452 302.99341315741947
5.564624934140454 -4.024761322625295
-304.81726538257203 -422.13075268387865
-316.5729898506453 -348.9678616160675
218.69888727271984 -440.98006583287673
433.90420621130374 478.1561323271926
-302.81569434914445 318.61909598730153
-394.8788934150639 104.97298869926829
-168.0972865050373 361.99297720824256
127.24175767512656 -8.205191096617341
418.5511036739231 -263.9593616388805
-440.8411539030008 277.223719850688
104.69796182196501 328.38612037592566
459.14123692891917 274.29575519576645
459.85039164740226 -206.34282732002538
463.3795500223582 373.7460068888706
211.6079548409507 159.70142194391224
435.81561422607115 175.15040283917085
-295.3407395872181 456.0321929281007
-81.04683653046663 -294.5039917270153
91.09721567359543 -211.2006224804943
6.0411524853232095 309.77923925877394
285.2810146736281 -137.70316383291072
80.40286411686964 -21.883948548868545
-342.151628185151 286.79604225062064
310.4885512795727 40.87459284509737
-88.75324074081345 -257.8192162866027
-227.33576419037513 334.9383274867987
163.68822823034395 -382.9778440184061
-350.76722116813175 138.14207160560613
344.9815329292469 347.1359408058921
134.3322484790616 291.247800858869
-252.42972824053734 -64.11151647607369
472.2300808976871 152.23644453904478
342.89987903954795 -202.5888071642392
-39.77213446062757 -193.88039803752486
126.59423160680296 6.474530201789207
192.07827765564127 -0.368170144571593
177.85923948836307 422.6844500925131
-294.96709826678034 -457.32040950328445
-88.42416417439011 66.32359781603714
318.2168953839073 -487.24670653301825
409.9365566356371 -387.69526191023806
-40.659593580687726 -409.3842179016807
-427.40219694284997 -81.40980686626597
162.10758521885566 -288.0086178219893
468.35251932818437 494.65965982202124
435.38715755569547 127.28561285641047
-214.62905294421944 341.2404688811505
490.77875423652915 -103.99029681609727
287.776643222119 -294.1239445297191
-455.60715285958776 254.68109081010778
-16.482959197507057 68.56733657331552
-308.92953968046197 -227.26670355594524
-14.398107535423492 -31.252645566322883
-200.42139659642856 -17.280025435284415
-12.227044071287139 142.0122073586939
459.942297935374 385.9251814923846
-352.80667112046206 -311.89454260437185
490.95735216599576 185.46995384814898
-470.9044096969074 62.4563550970845
160.2926588938675 201.19991704444897
383.1309538189613 270.4139530638215
316.4430213324724 -411.2211860256235
-489.10969372387103 240.10586526968552
-78.79654465344157 493.12697884271824
-204.16536674993824 278.5577585925528
-115.4440821741124 -378.93954032662714
136.55895039243137 -329.894681263998
-366.7347914904359 243.27959780893718
-453.22912959659 424.56817729467673
28.59533676100375 308.69559527076626
-136.70259874147604 325.3550922351444
-447.74769905361586 -307.2832554714585
-385.81526225800377 -398.8180366852013
351.04041876956023 382.4856881552108
-292.88378523633514 -81.60351778436439
-9.257163030822028 169.9138817722362
397.21048933324164 298.3272637416429
231.0519343266085 406.3332386507092
-245.12064170863778 297.8424877379723
-423.7868555878658 438.5977305150459
31.277766067209313 -453.8981051243578
-284.6711866938946 -336.91808019610124
124.78252077666366 67.23106737223623
-407.91325797756394 292.38912576609516
172.8513442243211 141.13687275178188
145.29414912245966 -37.02853154510956
120.20094616902134 -406.59709797757057
471.82462598096436 376.695222966517
-85.06936442961057 5.662093156024071
324.318794889037 95.57453017036516
108.51906650393437 -111.41382541941971
99.22692488183338 -220.5613891886279
-20.411938081615688 -330.3607851335131
343.5204083745981 257.83467412568245
348.49873631321054 -200.0694781446146
270.0841972187442 -11.6849839610569
-411.53653687833025 -379.63785329488996
-265.5450456617531 -146.44415860962056
394.316249470805 -199.19093315489323
255.93295066505198 438.116540418898
41.573859069808464 -388.9825442425763
301.17698122777256 166.04908915045507
-428.06787741138567 -472.130469129044
-336.84974467616934 -430.22346707393876
285.9357808781174 249.89836589271079
390.8539953186446 -219.04085667413176
-160.3881745346922 -299.8033499441085
-364.0395733632048 -45.198198440842475
118.51986398976544 -257.0306714089261
-185.84801010760498 -108.19875739573638
411.3619414719685 253.95542597887788
357.85733317425286 -158.8344789792975
310.4582233488376 415.9332158216197
-16.51764429124927 -402.7178488456409
311.5436796411982 30.184214281884124
-264.39844796259683 411.7342619423672
-63.52613976972475 -54.76455469401685
77.01037115875613 35.874118526631264
54.65046053392848 361.72534576474743
238.15949617892602 -12.041482392827334
342.4087749977764 352.2378729685281
359.6094655586862 -485.7379100987736
49.456571285013865 432.528893165774
300.3287075921286 499.5980551571332
-333.7197898904885 102.09459876622327
-232.78803780453114 -416.806027497483
-497.49288132105295 -167.5710737993765
446.5704424920299 320.0950302357205
106.50490018418907 -55.459839122827475
-129.43190265797665 190.28511925818793
306.6699313302346 349.51096140763127
82.56545356465176 160.2993398182183
-378.20946487154015 -391.46722840660465
-214.8541323836385 -489.6152210049458
-255.30137130494379 -19.426724706595564
489.11368382882995 235.70114766074778
324.83197123060495 -209.47994294381743
7.40637806774555 -68.68060697314036
58.0650530573555 -223.60920741172407
-239.58451988126427 -366.06759712544704
-391.2893977435942 331.9226967348076
462.9577863590142 161.55280070046604
-443.0551803429197 31.27310525841301
340.8127012992136 -195.22984032673384
-316.6993020713171 247.66477603003955
-351.95895424946764 171.09190729017837
387.7777801384633 -127.27598094449502
475.349781689583 -453.5547836446152
87.09608909560654 41.141247812737106
-56.571759327931545 108.68898697826614
28.514715635963853 369.3526378109849
214.23655494849322 467.60948410477465
-282.680193875947 456.47200604574743
232.77145709192382 106.34314184360994
-36.379866329549145 -205.32682087533635
223.12885956195646 -236.83588007094926
-56.379346913397626 -284.4082308055905
-422.76980464656543 -410.3907275160853
-416.9707450775664 167.30235196705462
-137.72349413016582 354.9153640430163
142.9297788962424 -408.4676837196619
-358.2682634178518 -188.09398416113964
-75.86357775714379 -306.5932907333413
-367.07189259913986 -257.75570991485233
125.22019233139906 188.558295043856
379.9467347850556 38.80030124695929
-301.6358166431563 440.11784111761597
-97.98991267917444 -382.90406207172765
444.0360539759323 420.09301613526634
-202.0937890637926 -93.49402560884232
-98.59475347717182 81.34229569041963
-420.53358175509914 111.09528495553525
327.19913999999676 -196.97238407527948
-32.639239249447655 -0.3561826291467014
246.70780388486855 278.66932105668843
-134.0720370664007 -354.8668161854114
-114.78257845772231 -157.99831314860933
33.37487002199282 -468.79445169847776
-54.31585713501272 -65.88012282783728
13.002188487341982 -0.9863362506110889
38.05244309232694 244.4837635732075
466.40233678024777 204.97531825727765
49.10361337116592 165.8530773040692
-488.98475971449915 103.55265602031682
232.35432378332348 -417.9646456795226
-486.80963246673804 -396.30027673912593
-97.16265289713408 109.16448252078555
176.91906508674845 299.04142882698056
-416.48020708885747 365.6586244337948
-325.8380452136085 -299.0782277808629
489.8967574644561 -496.13410053649096
184.82406550127894 -58.49764412107959
-47.34071405241616 -132.78270196311183
-206.0816447071657 -187.74424668104064
234.52127782852392 441.80313543272234
417.88865789084184 -169.50827700446894
-379.89230841560914 -225.9116043685707
170.87236443515246 -291.63058747325755
488.7330033388931 189.0246080287592
153.2035921786869 129.97896049882615
123.01032203804823 478.6995944826099
-460.77747989841237 -358.0648243172204
-158.6366819573728 274.71479161550553
-447.7211087744328 46.43506516601667
400.31594210199876 -316.7479315956875
348.9363245621347 -288.5323253841542
-271.8316710024037 417.1631122253141
202.60852210252415 -450.7397347405241
150.4167432128329 -207.4079243242818
144.4023400208455 136.40660411588112
-353.7632154411785 77.81884956346971
-91.77088131393128 202.08481270770062
302.35922959535344 495.1920586145851
465.7159574592554 -9.987408756733657
451.8340918750662 -464.74335870116647
293.7562743713396 -442.0692659319314
332.8009761004729 429.28476041468537
-422.6495637609992 -458.61425838816416
-391.360976640601 52.10935065288288
-73.00247214425923 392.908014302874
256.0025308929934 -191.88894299045012
324.54721738015735 367.8622756907138
463.05437243248423 230.2988964961171
137.19096625744476 392.1575078672405
-184.49194896368329 217.54970834401422
417.45980719747126 305.5029946176918
64.13291728313686 161.19378454199762
-408.63671153715245 -450.34232746387215
-436.8825571174807 185.32375713342685
-171.78199288732208 -259.844216225232
480.81902653344946 482.5095938757403
-354.33547430500164 333.19569413433305
290.2298860903545 194.09155192049616
-243.37652416104925 331.2448762786412
-67.77802427342459 354.3180721776705
-437.10375904416765 -471.176949488442
22.934851927212662 -307.5595033030467
349.3046557430778 449.95843790284664
4.258751650635247 -401.87886929668423
-408.25814979278175 -209.30996780959333
-264.07325351234755 380.0298238075502
-260.6572713275862 318.2614791132911
238.2015714026619 -194.71561037419661
-183.709248402249 218.78792307668323
-54.76254880700037 -281.43942837162706
-239.08772591098068 -244.38369663897086
259.21844377189564 -160.10485556616658
362.31215343925055 -91.18187550589886
-215.57771977729357 -248.43003681266262
-325.48774768068677 177.41830633321194
-377.47550407119616 -180.4254823686079
18.647832712808622 -238.57064178108465
-258.3938628380071 222.5941678106018
-258.0142178108129 438.68727148978553
10.959101797445442 -363.9747018418996
478.5363702417851 94.94624058478746
320.27352296124 280.09170229259803
309.80276629914374 77.36842654795669
467.51434817976235 -344.12456833431963
-302.75359548610356 264.24861420521427
-409.2976042218309 236.34120095977437
28.225846569476516 -486.6785416937932
53.60867520748661 -480.7601640369065
93.12300209483658 187.97053276901715
-318.89443134324915 348.06128065487746
-436.37127776950825 -383.35350355635103
-348.11305310843034 -321.79482938033055
142.67381946122794 -25.673171770352553
410.0012436783559 -458.259387660808
342.20972867617877 256.6339422508306
237.16443115103004 -110.98964142413536
273.31459816515655 -351.1614414049652
421.83702751450176 91.02861676609007
-92.69212234953352 202.73965195923677
445.83396778783367 478.40080548476067
-25.02534535488701 13.454643639108326
59.734365752285726 -59.940145382933906
-190.79889428714114 183.91203681639774
-460.03920056992973 282.5276426259006
-29.07505158891024 478.6883392427005
160.79223322557687 -141.23310232997397
196.1262213745381 201.84490973889558
487.62806851328594 393.6393194984362
352.94898005262723 -156.79547717753286
-278.90381612633655 261.78386429201953
-84.13102341043867 -133.89823110254287
152.82961447654395 414.12145342510485
117.62467495727697 -218.98107714435042
-426.2389932451471 -92.65179868459416
-263.26137844215873 440.6012564899464
161.25654749948524 -94.81343838029477
241.17944389412935 -493.3879048364862
185.3726791436402 31.617421559332456
302.7923586715676 215.97264816482277
-358.54154859191635 -287.46860964969153
355.5837977521869 -390.8743902576182
485.4934654381823 -257.4664091326634
-438.8871856347534 -60.494522486530286
-285.7013617769044 -0.21927865915506572
-214.43845600457513 459.8759868689692
-397.8971220598377 -214.08020369781923
-242.19702695999257 -416.02897358994414
-87.66512394399115 -433.6641431631415
-0.6386574027591223 -75.96351844946503
-462.9428575792791 101.75658881009429
-297.60164121247624 -385.33350670553125
352.23441556773776 46.64729541223221
-233.18220413855664 -3.4272084889151984
-102.48028846225401 308.57010601209174
-37.77577694869581 308.06044874725967
117.63277932360609 351.8934035158568
187.56115564470076 -263.4296043563259
309.4857766566047 29.389723670818398
321.06193973913105 17.490368941665338
-463.1421319067117 -148.5306708349222
-286.5588739328981 78.4957499081645
-335.825938561185 280.1628860792217
366.7871329590896 166.70983037083192
54.28718158218851 282.94411882257145
-137.57416781167444 407.59021179861884
-293.2382784862559 22.8869062541213
481.33008390224916 204.27537559624636
120.15727406078122 -477.98335532573446
487.7551791779641 495.13332596419787
457.671523038549 169.79245560816457
304.38146571885216 87.61018109231998
-10.333232963222315 -392.09021035210645
217.24199270617157 124.5845877889044
-207.6199435405132 361.45769616729524
421.9430625433138 -7.667310108436141
459.23067775823574 62.30029750872427
451.203579266069 10.50494150654049
258.999672044871 331.8494295480276
42.85380727185054 213.28810111522523
-480.58139269068835 154.0607575329767
211.79598304964622 265.4439645403513
-228.71656439190212 301.9327292669142
-329.827768467155 -307.35056209225553
-277.1577362127199 82.01575461025823
41.217254595264876 369.4823891869527
-363.02590164600446 -251.84380177591493
85.9905838454215 -238.38309507637223
-430.66986374584224 -213.73965269995819
-119.35094428889789 373.9490852352069
-108.42005399227241 -427.90889420183
-342.02159195259975 219.2209405528747
-196.51405819879994 266.215832915414
-433.6513582257178 37.00451918150861
282.8755973255877 -177.52095632124474
-399.6244252051931 -347.5390447576123
63.49692973846652 62.84552462066381
-318.6927186402766 -439.20092610555685
-498.3750972772182 390.21853166314474
-298.04432566037497 13.453762717151676
488.40857842828734 -83.61620620158737
29.3856546809144 496.10005480668315
16.778978478246586 -304.1755987752005
-88.98929038127324 -277.8272089389896
203.96064957627402 -347.761655913878
186.85927235191002 -475.8035259052654
-301.40148239893347 -27.671756733367772
-411.3012317397281 39.367302855485605
-203.81787893881022 -336.5104203762783
177.79096964302926 -115.43873604152697
-362.8874120835326 -99.9644869224191
-11.69271793017191 -111.84611957762735
434.61343208259325 -265.0839100337874
-301.9140039865209 317.25601682206536
387.4215598373439 23.529283055144788
-358.1734837896039 -365.8921336678163
254.35024499479402 -365.0569036937292
-326.9435313028349 -100.18782048278251
-107.35933642396157 -296.54844829472484
-388.32528736013904 -225.80871915010357
-248.90794886925093 -290.86983058991456
-436.0817170037947 -320.982604367712
35.56311705300254 204.3141039331091
-311.15719659752165 169.66551487652816
-173.86323761457703 -287.2084766413601
450.50988123884963 -379.13771819123644
18.972282930486244 75.68749348237759
-415.1338942762329 -473.10778231192484
218.16479292605175 424.4476859919158
214.09459599214574 -466.0617334749504
393.98709026146844 -441.6517600535619
-30.31194391619175 -159.74748347346048
221.90856425424136 370.0128731914191
114.9896328593702 -23.397020756534914
-353.86860758547937 106.97296468750642
-194.01229177484402 -158.23986481683363
282.19049138457535 -280.206014855273
-96.72766937962786 129.97932457749255
-434.37450891254446 355.79018063384467
-369.5447260965047 286.8625554086161
257.99358656684274 -490.2982832946365
167.74860331568107 311.6243003079202
-293.58216373345846 -266.4244037664421
-487.6134949758665 -204.30654824164918
319.0007158879936 333.34529766189496
364.96265062502835 332.629728047405
379.65878603950114 74.75386204915662
450.04677469044725 -428.1693923400032
33.66149818611552 -354.86569676056234
437.45631436602605 439.09927447371433
435.88614520582735 498.0133368648925
-221.80785422275227 -447.8200891334175
-359.8181770224207 356.1533296170878
-440.91356417196647 290.58504771721164
-45.701005480667675 -83.60062539440514
-212.70564727090948 -340.04434064584444
-7.372356270210048 147.30891423072455
415.7263791151397 -492.3326773650001
176.6380280710971 461.5747391263533
299.14718288201163 -448.11383433007455
251.99774390202685 -150.99872330094541
24.748431734427072 -93.8705483025667
-194.99222351284084 -46.03215826415851
450.6290195078137 -399.6014879549949
-53.21335223128477 -104.40156472682946
50.41184532328555 -16.919801800905816
-463.3535213207217 -246.97639040313712
230.58057784226344 161.36039761717643
-190.5468488688349 336.78129565715335
-233.3098318212409 -337.0499693281397
361.8671105911078 12.970711401156336
-145.84502888713627 -495.91798636428064
-471.6379874492742 -259.00735192346644
353.91600075898805 297.34200613456824
-131.69454674751648 147.04524863183622
-66.66372727849881 356.9965125794196
-448.1399942374359 -70.38880962779427
-26.456637606442484 466.6534538554316
-357.5445515402042 223.63466794623264
-254.61539060820039 431.97205237564367
-109.84617885235582 359.71272826903373
-392.02249011695346 395.2636322029945
444.03349779341534 -150.00623154461942
173.57023125781006 -132.36458377392222
329.59543393626564 -103.36660657292487
387.8893365081201 159.92019181156297
-21.251912192019063 265.027245680341
9.933301563488271 472.06419592776695
-111.03516112670644 23.776109035766922
-221.18703924623009 -108.14290761013513
442.98201346539133 -98.05844613127022
-281.8660160748807 -407.26399573002504
-66.42806328978003 -209.915996312517
-240.5913598446212 -11.070055922502775
-233.47777595193133 41.21051263174047
-204.6138216879629 388.11381311056584
298.56971119872844 253.00965077236424
-80.72327486383921 -347.1909170123897
468.2126592527162 286.1326536734432
440.82312981037967 403.57144172089477
417.6211781161111 -284.1542453769307
372.1566111624368 -352.5130291137191
301.6626017236829 -336.4259694133996
-195.6574365028947 -4.54654143394805
308.11699253458073 461.3123606722031
-290.94290203674166 184.3378583170138
149.41779800431414 10.959125826962463
-414.5080469092921 -85.33763088901867
296.81368383088795 1.2413914643252042
-117.40522746865344 -127.36314284384429
-427.12737654882704 118.91148822064042
20.52946178364357 -416.2589543378963
-137.73582980403467 249.78750507738346
-334.8558011366209 -460.556090520668
-124.05953944987533 -433.9263296215252
54.329355740585015 477.4390395719819
-91.7200333074747 -214.40544968206478
-316.69648427959396 96.62384638229082
217.53464967191564 35.25538668108538
228.68443670430224 170.80201335642323
-479.25944600149563 393.76643470757676
480.19074461915966 -236.46759941715567
-14.0971131882647 -101.37067850968941
-389.5090965977331 -276.98702192393665
146.86485661206996 -269.7006412675329
-365.8807732999401 -331.23806320301867
-431.5426548599595 -143.3264866626094
-62.39389986859709 413.21349019363254
304.00031460530624 396.51453408487043
342.2011316770711 428.2505329331095
318.02511710527847 -160.98980333041715
410.0457907209102 301.4242274066876
-175.00518873832038 194.02415017587828
199.88667881082972 457.8482688241959
-202.19337698045626 156.92998673463126
-190.0089331311724 84.71922436134423
6.244033278254278 266.9243722551181
273.1050319772594 426.01656007495455
-2.082420589078822 323.7316415570847
-97.30886181230494 343.90022537470634
-90.11955899464596 -258.16398398741694
-297.23164672472956 475.3615883904731
290.5434333536399 56.61326811276547
-248.00589777384542 -333.62374961834695
-252.7291856455005 414.6529366960882
239.90268247235383 -325.6571906951039
469.62413997837746 462.0514857127039
130.06802629710216 -43.52349451551487
333.2606459437602 -343.1739626679291
-457.59116254209243 -72.06667688067682
-20.923580616182846 -140.04797601775152
24.12990745569948 145.4598044977854
-424.8599637179261 -260.56308594058453
-440.7899889985567 -115.18931053613812
-121.81953392027913 428.7383565777976
-398.1769222240502 -222.9204513626538
-471.1778324850288 93.19244052162799
499.14386960444335 -236.62410501944555
-74.28108797144228 -117.80475803660772
-405.7167073385517 -290.59413693235103
-444.06112857079495 78.11904743475213
170.23515617966757 -407.3884321548703
-154.06111730277252 -274.08657064270733
265.0792111063017 309.153870441937
-286.759665411432 191.89825651653302
-157.68588613805213 34.33494796022205
138.649385518553 299.56538684749603
-218.37489720504408 188.42943454238844
-35.5328000861611 -49.2761914413137
219.2853051863102 -453.28713446388946
-416.91403798586236 9.81916272955516
311.4563445703342 34.7211114235738
-357.24956089293437 -273.16358747251786
-387.01873675442744 -17.237465016953422
-167.02643731339919 228.15227739822467
-99.69644834549109 337.94782299692565
58.208831362674346 -14.737830411857601
495.67021618022 -439.0590057567705
-43.45012999373944 293.1969773248045
-28.12725977901522 154.02492637883427
176.78042076723295 -410.05916640960663
-137.29071926663926 -209.14288387140311
205.7314562881004 175.78220386702844
115.09237467992341 31.316200424925114
-234.72426938329284 383.71990222052887
-414.3931091696962 39.831132563244864
-49.40418480614727 -243.01022129540752
-275.37042973098556 423.70739993507107
205.885612730258 69.03986109047344
-451.06659228005077 -391.5785480764305
-386.5571457288507 45.71331480853519
-28.131109650457972 -360.8028054803396
-448.6258505760906 -441.4179471942542
277.394725348552 22.979229009277446
309.1904911346012 109.93750964298715
305.3358861716797 -430.5025317344111
177.54086265794388 32.3047310882838
-175.59851168268403 -443.18342319375915
-19.32277021835006 -157.93737099276063
-118.12483458917853 -390.85970204952935
327.5606262101426 -32.69524913300171
-93.5350018696991 463.93978623283147
120.016058767608 233.19833361710585
474.3432043593705 251.15746389533206
-63.027605593622866 -359.4340583646485
130.4961811543966 443.0320187087601
-249.08662732332576 390.99162561012565
367.5872768669665 -153.1109246299094
231.66891644805264 -312.2610562666623
-84.86878855407053 351.43991804776954
117.68093718959494 223.2690444516469
37.00470994161719 199.07418235536215
126.29371767861755 37.39698922899731
-82.35824194881815 -121.69537732524537
496.96919479883513 124.23672811427821
485.2840422152526 -448.69616429294604
-27.13463054485385 310.3705606628305
257.97043187246527 -93.58768872813141
94.55427846994075 -65.09859704915146
96.1550306240199 -154.52500819850945
465.40521515227283 459.584295133203
-320.0081512716898 -422.0281000419237
-59.302294987934374 67.1596975258642
-199.64155674983408 -5.832664414141107
-308.8272202908152 489.43267847335744
-371.45526642378115 474.716674574223
245.4055361296995 -485.420994445802
-283.9949646277781 191.02747263854792
126.85156235003751 -387.97960248528375
-21.395216990565928 -278.0083323989949
381.3653243721552 -137.7193699981898
-469.3220246749273 -66.12478740721241
-218.48652725033213 -137.24479926376523
338.0551011716117 -469.6062020808277
89.68160763952017 134.67274692583158
352.94142566320704 -72.62695682161637
-354.46602786638425 380.9688193490184
-402.103450573391 231.37335784647507
347.1660017807542 -151.9412327024354
-386.5666558766885 -304.7945506627292
-484.7628622102433 -369.5358290856117
352.6231321382678 492.68768312479494
-97.61333023661223 342.95230309725184
158.3581488094601 -113.45180856775772
393.31929595146323 -299.6673453162819
368.1995888539593 361.8193516523079
-255.24033944519186 222.72029716360782
443.9513571591358 31.822144321756127
-492.45478693347246 -61.578668968115494
-195.07113058004632 -344.5947035852123
247.6498523716606 192.90318266231293
-473.48159471889653 -389.92106522566564
378.6748895294395 174.31807424945532
100.32594856187029 153.85071558683978
349.4566521901328 419.915950431602
-190.39239531256925 -303.15074708303723
-31.434716425799763 -362.5979623016936
24.723708244555837 433.8264693579217
129.26737029636456 -203.00406424411398
-451.54685022064035 422.0804129253049
132.50869978557034 -326.63252721369315
-386.78942372118496 -309.8058848971199
468.0640603494402 365.80490896064543
160.3022789394604 175.88621789599983
328.8597125719331 -282.2135314997836
-47.20451775861244 463.9763900025281
-485.489542174095 -388.8556106511311
-381.10119470448376 40.142168010888895
390.5967150351637 87.30670758257361
171.54516938881648 -413.8537206079417
-487.88033397451557 -239.752358771976
-268.6220698053596 -339.00329774090886
-459.4590123490356 -18.567988464893403
-390.05505290722243 328.3827470820173
-70.7089050332562 -340.4004843307856
-201.70996276924922 -144.32081074990987
68.57471266349376 -198.62923154328485
18.143364818217606 -326.2068156324204
101.4523538595073 304.75302055206964
351.34047454848144 361.5132220835644
100.01978093025502 194.72151038223694
259.5083396740995 38.14764277317386
-13.179464810544005 -194.25951798772724
-236.19116500074057 205.04153406168666
449.27182411448064 457.33730434926986
-88.77240986608427 294.6811391803982
59.54509013191807 -46.824449541048125
57.83496237228178 -165.31655636052113
-428.94826578573577 -378.9120347172341
-311.92712551553115 130.80434930489457
-141.16067304968783 -342.1509956883
-230.52844655144258 433.5813877147971
71.35034334171974 94.63235160783256
339.07150899149383 -483.58225015292766
-186.3958568262941 -87.16075130073432
30.09259069832774 -161.1572369308849
-177.7534322974821 -182.0362261468249
-324.21566592012243 438.7439548003465
22.49760016003279 -393.2867935374038
112.5876163741143 -262.61084779449175
-474.1046092646984 -273.1054349769157
-385.81515345522865 -376.5414156472043
-115.03818249044787 460.6218385609991
-54.5769679477587 -115.38591856191272
-322.2830650754024 -424.98915221972436
111.6993638447392 191.70136672559272
478.3247028327479 -358.807228085512
479.702826420173 -372.2126809720892
-360.5870200519222 -477.7979899497332
-348.4197699177208 442.05480403712534
-33.64234559857317 405.69002381232167
-335.8512878680736 314.11520978487215
-371.41140028551877 407.6698005635898
143.43101340254145 -468.7194441413497
-280.2554907010855 -459.5964779372823
35.279316235678834 -463.732136199163
422.39288338004496 -458.5806550938847
-371.5461310556726 57.79782327972396
-13.369356412698664 368.6223848815605
-318.44915583566933 -141.00014431142336
-86.02708537168371 -30.671670214580274
133.41371700687057 314.1340461146515
-93.06590668611494 221.96718124528059
466.67674178365803 181.9371692565852
-105.38344926790325 467.6447832274956
264.6057795936583 7.401425494667592
-426.683284595161 -187.5011556601047
-284.4825148607202 -377.50280274368544
-421.1594661394936 -327.935645484419
-177.10614502395305 -166.46591124965357
-156.0845912241681 -270.0685986129615
-387.0098403375245 -34.58449389592124
298.39602339140436 43.94139176354656
-147.7391692682305 -225.55742099449316
175.95231458502735 -145.32510096277417
-291.452343465089 228.15391760674754
-81.76813949663966 -493.5760607571176
27.672451216122226 492.2502302679727
-281.81340903886576 368.9666314605903
314.2815733733628 386.6404401294849
478.7888970944625 493.18332586544375
-346.56061450360676 -476.9439734340573
147.80081190185024 248.81962437565915
370.85952302957014 492.7268564105033
-219.17007718339664 334.89616102504226
-387.6707897714413 -437.10867127729625
136.86508391178165 -83.5459765099734
-200.84322176845745 -242.72392984795954
-79.29156356663236 -143.84679340656584
-239.7187658890574 -279.96016891689067
164.4359127388518 32.49567987792523
477.7974746175054 -433.966257650978
-72.90586564098214 489.22690745798
163.72498399946073 -9.74314502915405
-66.8231968492592 200.5641391747189
-166.240486552407 142.63888534416276
-405.90136133626083 328.1163251294472
-207.91243582994434 457.2526427597843
384.3786710467025 308.8951798359042
-269.2932316933564 -414.56943040829907
-195.50802621455279 475.8275211323786
-235.28816549937545 -82.9136265518813
-110.11425918923334 34.417737191308106
76.35071648146027 -392.1100406324719
183.45621667625755 -373.3495579760322
483.51523252339484 -193.0722599127763
-467.964293447538 -459.29226149671945
311.23664695883315 -37.18309344835626
-293.6533440501872 -357.84162268235366
33.02563547542513 -58.85816524251209
-97.18453295619912 -416.5527519391078
-3.2586222663682065 -344.4566410041975
283.35726027569194 75.17444555986174
-188.1556952684764 -161.57125579108668
319.5107095614578 -260.06577313657294
-173.0811097290117 481.85972895185137
-89.97792719007157 426.97079155010556
98.55546028366825 -213.75057587220124
237.147937310918 -204.5634006207423
-1.7292378944777624 -296.46319843117715
-244.47387061653026 164.49975913129504
-185.9605072754822 12.686406317325918
67.2862186849975 418.15590309429024
-82.23619417198614 356.5424574366492
263.2104134829714 15.143950158103394
341.4511421868324 422.3791686817242
495.1511961406851 -235.14157217217155
130.7547155079542 -292.71457259305464
-429.73011815196014 382.7225838029864
-13.238292722727579 -164.66729071538668
256.435494821775 184.57745228002273
450.67546154474564 -343.9338509338975
78.45443692064214 -273.67993024374084
-317.3907866831099 216.74192503739744
-269.48719198586946 -395.4535277649973
-448.2348336225351 467.5851950435914
-491.5101256562735 4.741602254194504
-323.79074292864186 309.58799450364404
-199.10734783041448 192.2445086019561
-13.923555184319412 258.54968952449553
-8.89954462330536 -391.46852798511486
-324.09421129921134 310.394335615322
213.25830868355206 99.27408350798783
-469.96422002470894 53.73218284082134
-34.217885016972446 36.823603427208354
102.70714824585457 -450.43040274085166
182.1135802743529 -30.458793301979085
191.99915280627818 302.2141229259299
223.821838142013 -419.3358961946038
177.082364999501 78.19500398224102
380.9980146179762 -446.81430565677397
315.15614447987707 10.619918101724465
249.7418861371351 162.57376780079073
369.45064958339776 -227.3260579077829
467.06097726589496 -208.21147661926233
-392.4156894539714 457.52732555276634
-74.59210280854734 -63.41490390731377
-136.46406041155325 220.80206584352334
-232.10962675039616 47.7710314477481
385.9183040959971 131.93214936732886
-372.40606239826843 -487.73120743627896
-172.9715559704431 446.16024277055874
-490.08574325102836 310.0475328994934
-467.4500715954322 97.91619983201576
-220.16234857140392 462.04613108025615
-372.03213749751586 170.55851440196693
-207.5974785179365 -42.97687604487709
497.34841288198277 -404.8359244497042
375.50965945696237 377.01242648018433
211.69506014163278 -52.13440337276353
388.7686700270531 451.48825470260954
-415.3728574013144 -299.75857047076704
-33.81272563504234 200.0280756456442
-8.689384923727744 71.16040470118492
462.4162415248471 21.209664615121596
-419.12621954858434 400.4099426083087
-192.20946386436543 155.46530885705295
-290.0660548403728 -297.3314668724844
-403.07949672859576 -438.6369359386225
480.68721931579 342.48326214017095
-377.74548628144834 -92.88195983323055
-285.3733763782602 -410.91706664246806
201.96247950434463 45.04594991657075
485.119308517439 451.64953297628153
-385.1475100808357 -81.70674605768323
-363.8063772321126 -216.2468515788425
294.9874504823763 -396.34382094542286
-426.1852087084588 308.77601758568926
-174.50796521408284 -464.98593349063043
156.7283273140721 252.33690207898917
225.0023465028297 -57.45539056509642
112.83865299392028 339.3951635878109
-360.89629027327805 -240.15651813176186
42.27074873034792 168.3982172034938
-232.63701163352988 -348.885006157575
-498.186662839422 -116.51248583184315
16.522602941901937 -406.24104559361706
-35.456175762052624 -152.14260343201624
369.88833482099506 -461.5283503748838
-20.09515180992014 -498.32444391606265
-455.9040508151808 -383.46399591922955
10.973718858332745 -442.33763525057844
2.388276387266103 88.4349480138103
374.1508855165381 -217.97552174949794
-366.883789264278 39.938329797922506
-497.6629964821824 245.74621523791006
-370.27382813359907 361.45232513342796
163.25339137853757 323.2112177404962
449.6150322669912 -461.52944318341105
-242.63033648556677 -363.7749289866547
-498.3560615066938 160.36410732164074
-272.79205454299574 372.0009368718195
-461.54984576903803 -140.3390966996315
-106.03621233867347 268.7799243495525
288.0534385639469 69.39035458931426
252.8113067732179 -248.06617496652274
-1.9732611152360846 367.0402438427426
161.11010594302775 156.24630960688626
-129.92665383634505 -185.6349065384549
141.43145173634684 -261.0399874777188
-169.91572173788325 323.7944892999574
-3.354735324562114 359.5621587922094
32.5531079402308 250.58344226225245
282.6580390799736 -25.50249660680072
-438.18086148164826 -496.32439068550894
179.45181787728768 -192.2746480841526
471.6490813425361 60.58053328278879
-237.72979438336472 469.48687301022323
210.02933617331837 -449.30825297115274
238.68573322412772 352.5631798538665
-447.6636857053885 155.56422010723554
481.2511972157175 -104.54434357034256
-105.52343323521563 -69.22401923714318
-348.72344089308 72.66947771321088
419.0896073399862 -495.5774804123059
92.07142616060162 169.57400505547844
248.41030900161115 446.3978129138227
-309.17788892593796 -176.82820941874388
-394.2065976621154 -102.2078510177572
16.117097846970864 -182.4002181314729
194.57419070234425 218.2160694548146
-76.60951641527123 -237.94373679912138
-199.19832059158506 -121.63932092964103
-296.72059743977877 463.4624872851076
426.9369913187164 -56.76115654848326
309.79002654446606 13.589500297318295
-186.92891894752984 -484.3424614884998
228.65693908712592 357.2621142872897
127.86047155640188 -404.5887286166725
-63.774493855100786 -273.7232891130061
-411.1463336694644 365.3647131142603
295.59419169075716 254.6419294844618
50.24275448904757 -162.39060791904672
186.40395227684962 229.25524430998462
298.3359488735939 -318.5254146381544
-198.9274586856077 78.752261770127
322.4834080739877 164.40749096233037
42.867542456346655 407.4202695482404
294.742658194 -274.7020472148324
-482.2356781311816 374.19213658307115
-452.4426477810895 194.26411947543863
-131.51951182786405 456.373327402174
51.43878987133144 -2.1760218654015375
74.01259930391188 124.25150170475047
-239.6706727764739 -76.55268181442955
310.88800669998216 -137.29285758098655
-232.39996042280484 -86.19284974401387
188.68366468109627 -262.82378895664783
212.5212322941312 -19.413070243587185
-296.5234138619895 17.35770886315538
-104.48522693564354 255.5614114643721
321.2691863651562 -426.59318859244024
273.84420099170916 -360.023168358788
426.207328955397 -124.12491877980904
217.89010344450605 -323.52971154059884
166.8110242443554 -169.48271512077497
-83.37540722819102 -45.082116431562326
197.08381565571392 -488.40643706213393
-389.68271624493565 -322.2537298408474
-328.2470328455828 -91.64183198234144
421.96754766916354 -443.822818906348
-303.46368221896284 327.493719029569
460.07116195375875 -434.5822871604733
-298.9462612994216 32.67038261170353
118.68321559664162 461.91501071289565
-409.5583661469534 412.30724197065194
-316.41701201491713 368.3040689597932
-321.93822543352815 -245.67564206964298
446.2615005015341 6.595225265465103
443.8223109465047 -4.678114186965729
384.86888117332023 -330.03981521349954
70.61474419819831 332.89506530842266
326.03972594092795 9.6162252587485
-488.0142664877708 42.80885721084633
230.36928020852906 4.061422118330029
358.97380628088945 -421.66447983307955
402.55548158474016 101.98623377862907
-330.02150850479336 88.00484335028182
-338.1494139150698 -385.41122482025423
-221.31943520172314 59.232417208402126
186.84838706307028 59.33551546670026
-216.9880928957627 452.3373051985661
73.0944829076958 -161.10164641523994
215.3193205998673 -166.56799595590866
30.14231706022258 245.1974715090936
337.75667997574806 -46.90242102239341
-152.18764612851209 -430.5154075545928
446.64946721453396 -239.25617521063623
59.58768220950412 479.65531536221556
-245.2442691857951 -38.34399266123677
150.69230924969327 -371.0394524002111
-340.0241644414874 373.07478254961563
-179.4323844743161 90.36108829623481
-215.2647607600772 -53.11964640568101
-284.1519669583912 -118.86261118563755
438.13527700083284 -402.8177144884558
15.424586654465543 -69.9857143712598
317.8427017998865 -366.73644222501525
-300.70167081905873 116.92466177428969
-210.90455218149862 128.01102718234017
-457.814491847513 36.094130596698164
-87.36938057057887 -275.16009641910244
-6.5263119724025955 -88.32796346663775
-209.1945432505088 -358.18096270702836
329.7546283630776 92.18956791482435
75.2146859324065 -308.34426363852685
378.3288646397342 -9.17994619859121
-221.18621397980223 45.68183364622246
-155.86458072536402 -319.13361367942946
14.731767631233538 -92.47171112263209
-363.2371916400383 459.0609273935886
252.89962113358285 170.80592708770405
-85.03058540445738 256.67605017157564
-407.86912772430173 -382.71368108300453
-42.78908271107309 243.80766003326085
4.454803629610694 113.83350573115479
-95.2362618264878 271.75675599371095
-360.1086595640124 -244.514821788131
54.5321853010355 -284.4671521017152
432.72138690897214 464.57490708996124
451.12322647621954 445.2550284819765
-32.86930669314057 -50.72432164878495
-88.78292705318 96.96768741395522
68.41332768702989 302.79972654101255
98.3610690214864 327.7680158033829
-133.2749852419467 -134.64468447382728
257.3670591295687 -291.1479660898314
-200.5001244813248 215.74941022198243
459.15900809811876 -419.7377662724149
-424.3050373972539 9.908101721882304
-57.015114733467556 -255.6337532802164
440.95860840284934 -21.532371312227724
127.017377793518 37.86991419807714
-94.52788788855582 385.06975611252324
95.08312309120481 -133.02143469706198
21.579066309070186 364.6242931682975
-62.85686879760743 -432.0553420439931
-342.5705565829236 -97.58754141558103
-319.91068114348286 406.5061674236765
-487.7087206397059 -171.43209073212637
-149.16288177140592 -155.76492255250395
229.6968834797466 -155.50840837271198
-342.3232885737749 237.1442752057527
383.6826500217677 -460.1391156058694
176.03706600695511 -230.73009100944262
-41.1978081635599 354.9948468732233
292.85952112851567 -481.8640324059251
225.9376503835166 -142.37351858058753
471.6359659319012 361.4576518723609
334.62114264829074 332.83970213215764
-358.282047998164 58.83425727009683
-332.9411495852346 2.3624630711813666
-19.747413738400837 343.1869833984631
66.21571969869717 172.82686158182526
-105.3566545107463 458.7755306545108
478.78862734909785 -20.128449343145633
127.73851717832235 -150.72937410730913
-163.08922204452415 112.12467576544077
-494.6795400926238 -56.16514057126898
-381.5116483492009 -337.1574479315664
269.14584544547233 -267.6786813599765
